# Created by Octave 5.1.0, Sat Mar 14 20:18:44 2020 GMT <unknown@DESKTOP-MSSSKJI>
# name: present
# type: scalar
18


